1681977333.229 0.000 0.000 0.000 0.000
1681977333.429 0.000 0.000 0.000 0.000
1681977333.629 0.000 0.000 0.000 0.000
1681977333.829 0.000 0.000 0.000 0.000
1681977334.029 0.000 0.000 0.000 0.000
1681977334.229 0.000 0.000 0.000 0.000
1681977334.429 0.000 0.000 0.000 0.000
1681977334.629 0.000 0.000 0.000 0.000
1681977334.829 0.000 0.000 0.000 0.000
1681977335.029 0.000 0.000 0.000 0.000
1681977335.229 0.000 0.000 0.000 0.000
1681977335.429 0.000 0.000 0.000 0.000
1681977335.629 0.000 0.000 0.000 0.000
1681977335.829 0.000 0.000 0.000 0.000
1681977336.029 0.000 0.000 0.000 0.000
1681977336.229 0.000 0.000 0.000 0.000
1681977336.429 0.000 0.000 0.000 0.000
1681977336.629 0.000 0.000 0.000 0.000
1681977336.829 0.000 0.000 0.000 0.000
1681977337.029 0.000 0.000 0.000 0.000
1681977337.229 0.000 0.000 0.000 0.000
1681977337.429 0.000 0.000 0.000 0.000
1681977337.629 0.000 0.000 0.000 0.000
1681977337.829 0.000 0.000 0.000 0.000
1681977338.029 0.000 0.000 0.000 0.000
1681977338.229 0.000 0.000 0.000 0.000
1681977338.429 0.000 0.000 0.000 0.000
1681977338.629 0.000 0.000 0.000 0.000
1681977338.829 0.000 0.000 0.000 0.000
1681977339.029 0.000 0.000 0.000 0.000
1681977339.229 0.000 0.000 0.000 0.000
1681977339.429 0.000 0.000 0.000 0.000
1681977339.629 0.000 0.000 0.000 0.000
1681977339.829 0.000 0.000 0.000 0.000
1681977340.029 0.000 0.000 0.000 0.000
1681977340.229 0.000 0.000 0.000 0.000
1681977340.429 0.000 0.000 0.000 0.000
1681977340.629 0.000 0.000 0.000 0.000
1681977340.829 0.000 0.000 0.000 0.000
1681977341.029 0.000 0.000 0.000 0.000
1681977341.229 0.000 0.000 0.000 0.000
1681977341.429 0.000 0.000 0.000 0.000
1681977341.629 0.000 0.000 0.000 0.000
1681977341.829 0.000 0.000 0.000 0.000
1681977342.029 0.000 0.000 0.000 0.000
1681977342.229 0.000 0.000 0.000 0.000
1681977342.429 0.000 0.000 0.000 0.000
1681977342.629 0.000 0.000 0.000 0.000
1681977342.829 0.000 0.000 0.000 0.000
1681977343.029 0.000 0.000 0.000 0.000
1681977343.229 0.000 0.000 0.000 0.000
1681977343.429 0.000 0.000 0.000 0.000
1681977343.629 0.000 0.000 0.000 0.000
1681977343.829 0.000 0.000 0.000 0.000
1681977344.029 0.000 0.000 0.000 0.000
1681977344.229 0.000 0.000 0.000 0.000
1681977344.429 0.000 0.000 0.000 0.000
1681977344.629 0.000 0.000 0.000 0.000
1681977344.829 0.000 0.000 0.000 0.000
1681977345.029 0.000 0.000 0.000 0.000
1681977345.229 0.000 0.000 0.000 0.000
1681977345.429 0.000 0.000 0.000 0.000
1681977345.629 0.000 0.000 0.000 0.000
1681977345.829 0.000 0.000 0.000 0.000
1681977346.029 0.000 0.000 0.000 0.000
1681977346.229 0.000 0.000 0.000 0.000
1681977346.429 0.000 0.000 0.000 0.000
1681977346.629 0.000 0.000 0.000 0.000
1681977346.829 0.000 0.000 0.000 0.000
1681977347.029 0.000 0.000 0.000 0.000
1681977347.229 0.000 0.000 0.000 0.000
1681977347.429 0.000 0.000 0.000 0.000
1681977347.629 0.000 0.000 0.000 0.000
1681977347.829 0.000 0.000 0.000 0.000
1681977348.029 0.000 0.000 0.000 0.000
1681977348.229 0.000 0.000 0.000 0.000
1681977348.429 0.000 0.000 0.000 0.000
1681977348.629 0.000 0.000 0.000 0.000
1681977348.829 0.000 0.000 0.000 0.000
1681977349.029 0.000 0.000 0.000 0.000
1681977349.229 0.000 0.000 0.000 0.000
1681977349.429 0.000 0.000 0.000 0.000
1681977349.629 0.000 0.000 0.000 0.000
1681977349.829 0.000 0.000 0.000 0.000
1681977350.029 0.000 0.000 0.000 0.000
1681977350.229 0.000 0.000 0.000 0.000
1681977350.429 0.000 0.000 0.000 0.000
1681977350.629 0.000 0.000 0.000 0.000
1681977350.829 0.000 0.000 0.000 0.000
1681977351.029 0.000 0.000 0.000 0.000
1681977351.229 0.000 0.000 0.000 0.000
1681977351.429 0.000 0.000 0.000 0.000
1681977351.629 0.000 0.000 0.000 0.000
1681977351.829 0.000 0.000 0.000 0.000
1681977352.029 21.369 -7.938 0.000 0.000
1681977352.229 21.369 -7.938 0.000 0.000
1681977352.429 21.369 -7.938 0.000 0.000
1681977352.629 21.369 -7.938 0.000 0.000
1681977352.829 21.369 -7.938 0.000 0.000
1681977353.029 21.369 -7.938 0.000 0.000
1681977353.229 21.369 -7.938 0.000 0.000
1681977353.429 21.369 -7.938 0.000 0.000
1681977353.629 21.369 -7.938 0.000 0.000
1681977353.829 21.369 -7.938 0.000 0.000
1681977354.029 21.369 -7.938 0.000 0.000
1681977354.229 21.369 -7.938 0.000 0.000
1681977354.429 21.369 -7.938 0.000 0.000
1681977354.629 21.369 -7.938 0.000 0.000
1681977354.829 21.369 -7.938 0.000 0.000
1681977355.029 21.369 -7.938 0.000 0.000
1681977355.229 21.369 -7.938 0.000 0.000
1681977355.429 21.369 -7.938 0.000 0.000
1681977355.629 21.369 -7.938 0.000 0.000
1681977355.829 21.369 -7.938 0.000 0.000
1681977356.029 21.369 -7.938 0.000 0.000
1681977356.229 21.369 -7.938 0.000 0.000
1681977356.429 21.369 -7.938 0.000 0.000
1681977356.629 21.369 -7.938 0.000 0.000
1681977356.829 21.369 -7.938 0.000 0.000
1681977357.029 21.369 -7.938 0.000 0.000
1681977357.229 21.369 -7.938 0.000 0.000
1681977357.429 21.369 -7.938 0.000 0.000
1681977357.629 21.369 -7.938 0.000 0.000
1681977357.829 21.369 -7.938 0.000 0.000
1681977358.029 21.369 -7.938 0.000 0.000
1681977358.229 21.369 -7.938 0.000 0.000
1681977358.429 21.369 -7.938 0.000 0.000
1681977358.629 21.369 -7.938 0.000 0.000
1681977358.829 21.369 -7.938 0.000 0.000
1681977359.029 21.369 -7.938 0.000 0.000
1681977359.229 21.369 -7.938 0.000 0.000
1681977359.429 21.369 -7.938 0.000 0.000
1681977359.629 21.369 -7.938 0.000 0.000
1681977359.829 21.369 -7.938 0.000 0.000
1681977360.029 21.369 -7.938 0.000 0.000
1681977360.229 21.369 -7.938 0.000 0.000
1681977360.429 21.369 -7.938 0.000 0.000
1681977360.629 21.369 -7.938 0.000 0.000
1681977360.829 21.369 -7.938 0.000 0.000
1681977361.029 21.369 -7.938 0.000 0.000
1681977361.229 21.369 -7.938 0.000 0.000
1681977361.429 21.369 -7.938 0.000 0.000
1681977361.629 21.369 -7.938 0.000 0.000
1681977361.829 21.369 -7.938 0.000 0.000
1681977362.029 21.369 -7.938 0.000 0.000
1681977362.229 21.369 -7.938 0.000 0.000
1681977362.429 21.369 -7.938 0.000 0.000
1681977362.629 21.369 -7.938 0.000 0.000
1681977362.829 21.369 -7.938 0.000 0.000
1681977363.029 21.369 -7.938 0.000 0.000
1681977363.229 21.369 -7.938 0.000 0.000
1681977363.429 21.369 -7.938 0.000 0.000
1681977363.629 21.369 -7.938 0.000 0.000
1681977363.829 21.369 -7.938 0.000 0.000
1681977364.029 21.369 -7.938 0.000 0.000
1681977364.229 21.369 -7.938 0.000 0.000
1681977364.429 21.369 -7.938 0.000 0.000
1681977364.629 21.369 -7.938 0.000 0.000
1681977364.829 21.369 -7.938 0.000 0.000
1681977365.029 21.369 -7.938 0.000 0.000
1681977365.229 21.369 -7.938 0.000 0.000
1681977365.429 21.369 -7.938 0.000 0.000
1681977365.629 21.369 -7.938 0.000 0.000
1681977365.829 21.369 -7.938 0.000 0.000
1681977366.029 21.369 -7.938 0.000 0.000
1681977366.229 21.369 -7.938 0.000 0.000
1681977366.429 21.369 -7.938 0.000 0.000
1681977366.629 21.369 -7.938 0.000 0.000
1681977366.829 21.369 -7.938 0.000 0.000
1681977367.029 21.369 -7.938 0.000 0.000
1681977367.229 21.369 -7.938 0.000 0.000
1681977367.429 21.369 -7.938 0.000 0.000
1681977367.629 21.369 -7.938 0.000 0.000
1681977367.829 21.369 -7.938 0.000 0.000
1681977368.029 21.369 -7.938 0.000 0.000
1681977368.229 21.369 -7.938 0.000 0.000
1681977368.429 21.369 -7.938 0.000 0.000
1681977368.629 21.369 -7.938 0.000 0.000
1681977368.829 21.369 -7.938 0.000 0.000
1681977369.029 21.369 -7.938 0.000 0.000
1681977369.229 21.369 -7.938 0.000 0.000
1681977369.429 21.369 -7.938 0.000 0.000
1681977369.629 21.369 -7.938 0.000 0.000
1681977369.829 21.369 -7.938 0.000 0.000
1681977370.029 21.369 -7.938 0.000 0.000
1681977370.229 21.369 -7.938 0.000 0.000
1681977370.429 21.369 -7.938 0.000 0.000
1681977370.629 21.369 -7.938 0.000 0.000
1681977370.829 21.369 -7.938 0.000 0.000
1681977371.029 21.369 -7.938 0.000 0.000
1681977371.229 21.369 -7.938 0.000 0.000
1681977371.429 21.369 -7.938 0.000 0.000
1681977371.629 21.369 -7.938 0.000 0.000
1681977371.829 21.369 -7.938 0.000 0.000
1681977372.029 21.369 -7.938 0.000 0.000
1681977372.229 21.369 -7.938 0.000 0.000
1681977372.429 21.369 -7.938 0.000 0.000
1681977372.629 21.369 -7.938 0.000 0.000
1681977372.829 21.369 -7.938 0.000 0.000
1681977373.029 21.369 -7.938 0.000 0.000
1681977373.229 21.369 -7.938 0.000 0.000
1681977373.429 21.369 -7.938 0.000 0.000
1681977373.630 21.369 -7.938 0.000 0.000
1681977373.829 21.369 -7.938 0.000 0.000
1681977374.029 21.369 -7.938 0.000 0.000
1681977374.229 21.369 -7.938 0.000 0.000
1681977374.429 21.369 -7.938 0.000 0.000
1681977374.629 21.369 -7.938 0.000 0.000
1681977374.829 21.369 -7.938 0.000 0.000
1681977375.029 21.369 -7.938 0.000 0.000
1681977375.229 21.369 -7.938 0.000 0.000
1681977375.429 21.369 -7.938 0.000 0.000
1681977375.629 21.369 -7.938 0.000 0.000
1681977375.829 21.369 -7.938 0.000 0.000
1681977376.029 21.369 -7.938 0.000 0.000
1681977376.229 21.369 -7.938 0.000 0.000
1681977376.429 21.369 -7.938 0.000 0.000
1681977376.629 21.369 -7.938 0.000 0.000
1681977376.829 21.369 -7.938 0.000 0.000
1681977377.029 21.369 -7.938 0.000 0.000
1681977377.229 21.369 -7.938 0.000 0.000
1681977377.429 21.369 -7.938 0.000 0.000
1681977377.629 21.369 -7.938 0.000 0.000
1681977377.829 21.369 -7.938 0.000 0.000
1681977378.029 21.369 -7.938 0.000 0.000
1681977378.229 21.369 -7.938 0.000 0.000
1681977378.429 21.369 -7.938 0.000 0.000
1681977378.629 21.369 -7.938 0.000 0.000
1681977378.829 21.369 -7.938 0.000 0.000
1681977379.029 21.369 -7.938 0.000 0.000
1681977379.229 21.369 -7.938 0.000 0.000
1681977379.429 21.369 -7.938 0.000 0.000
1681977379.629 21.369 -7.938 0.000 0.000
1681977379.829 21.369 -7.938 0.000 0.000
1681977380.029 21.369 -7.938 0.000 0.000
1681977380.229 21.369 -7.938 0.000 0.000
1681977380.429 21.369 -7.938 0.000 0.000
1681977380.629 21.369 -7.938 0.000 0.000
1681977380.829 21.369 -7.938 0.000 0.000
1681977381.029 21.369 -7.938 0.000 0.000
1681977381.229 21.369 -7.938 0.000 0.000
1681977381.429 21.369 -7.938 0.000 0.000
1681977381.629 21.369 -7.938 0.000 0.000
1681977381.829 21.369 -7.938 0.000 0.000
1681977382.029 21.369 -7.938 0.000 0.000
1681977382.229 21.369 -7.938 0.000 0.000
1681977382.429 21.369 -7.938 0.000 0.000
1681977382.629 21.369 -7.938 0.000 0.000
1681977382.830 21.369 -7.938 0.000 0.000
1681977383.029 21.369 -7.938 0.000 0.000
1681977383.229 21.369 -7.938 0.000 0.000
1681977383.429 21.369 -7.938 0.000 0.000
1681977383.629 21.369 -7.938 0.000 0.000
1681977383.829 21.369 -7.938 0.000 0.000
1681977384.029 21.369 -7.938 0.000 0.000
1681977384.229 21.369 -7.938 0.000 0.000
1681977384.429 21.369 -7.938 0.000 0.000
1681977384.629 21.369 -7.938 0.000 0.000
1681977384.829 21.369 -7.938 0.000 0.000
1681977385.029 21.369 -7.938 0.000 0.000
1681977385.229 21.369 -7.938 0.000 0.000
1681977385.429 21.369 -7.938 0.000 0.000
1681977385.629 21.369 -7.938 0.000 0.000
1681977385.829 21.369 -7.938 0.000 0.000
1681977386.029 21.369 -7.938 0.000 0.000
1681977386.229 21.369 -7.938 0.000 0.000
1681977386.429 21.369 -7.938 0.000 0.000
1681977386.629 21.369 -7.938 0.000 0.000
1681977386.829 21.369 -7.938 0.000 0.000
1681977387.029 21.369 -7.938 0.000 0.000
1681977387.229 21.369 -7.938 0.000 0.000
1681977387.429 21.369 -7.938 0.000 0.000
1681977387.629 21.369 -7.938 0.000 0.000
1681977387.829 21.369 -7.938 0.000 0.000
1681977388.029 21.369 -7.938 0.000 0.000
1681977388.229 21.369 -7.938 0.000 0.000
1681977388.429 21.369 -7.938 0.000 0.000
1681977388.629 21.369 -7.938 0.000 0.000
1681977388.829 21.369 -7.938 0.000 0.000
1681977389.029 21.369 -7.938 0.000 0.000
1681977389.229 21.369 -7.938 0.000 0.000
1681977389.429 21.369 -7.938 0.000 0.000
1681977389.630 21.369 -7.938 0.000 0.000
1681977389.829 21.369 -7.938 0.000 0.000
1681977390.029 21.369 -7.938 0.000 0.000
1681977390.229 21.369 -7.938 0.000 0.000
1681977390.429 21.369 -7.938 0.000 0.000
1681977390.629 21.369 -7.938 0.000 0.000
1681977390.829 21.369 -7.938 0.000 0.000
1681977391.029 21.369 -7.938 0.000 0.000
1681977391.229 21.369 -7.938 0.000 0.000
1681977391.429 21.369 -7.938 0.000 0.000
1681977391.629 21.369 -7.938 0.000 0.000
1681977391.829 21.369 -7.938 0.000 0.000
1681977392.029 21.369 -7.938 0.000 0.000
1681977392.229 21.369 -7.938 0.000 0.000
1681977392.429 21.369 -7.938 0.000 0.000
1681977392.629 21.369 -7.938 0.000 0.000
1681977392.829 21.369 -7.938 0.000 0.000
1681977393.029 21.369 -7.938 0.000 0.000
1681977393.229 21.369 -7.938 0.000 0.000
1681977393.429 21.369 -7.938 0.000 0.000
1681977393.629 21.369 -7.938 0.000 0.000
1681977393.829 21.369 -7.938 0.000 0.000
1681977394.029 21.369 -7.938 0.000 0.000
1681977394.229 21.369 -7.938 0.000 0.000
1681977394.429 21.369 -7.938 0.000 0.000
1681977394.629 21.369 -7.938 0.000 0.000
1681977394.829 21.369 -7.938 0.000 0.000
1681977395.029 21.369 -7.938 0.000 0.000
1681977395.229 21.369 -7.938 0.000 0.000
1681977395.429 21.369 -7.938 0.000 0.000
1681977395.629 21.369 -7.938 0.000 0.000
1681977395.829 21.369 -7.938 0.000 0.000
1681977396.029 21.369 -7.938 0.000 0.000
1681977396.229 21.369 -7.938 0.000 0.000
1681977396.429 21.369 -7.938 0.000 0.000
1681977396.629 21.369 -7.938 0.000 0.000
1681977396.829 21.369 -7.938 0.000 0.000
1681977397.029 21.369 -7.938 0.000 0.000
1681977397.229 21.369 -7.938 0.000 0.000
1681977397.429 21.369 -7.938 0.000 0.000
1681977397.629 21.369 -7.938 0.000 0.000
1681977397.829 21.369 -7.938 0.000 0.000
1681977398.029 21.369 -7.938 0.000 0.000
1681977398.229 21.369 -7.938 0.000 0.000
1681977398.429 21.266 -7.907 0.770 -0.403
1681977398.629 21.123 -7.853 0.760 -0.393
1681977398.829 20.928 -7.761 1.418 -0.403
1681977399.029 20.692 -7.629 1.428 -0.393
1681977399.229 20.455 -7.472 1.418 -0.383
1681977399.429 20.326 -7.374 0.859 -0.318
1681977399.629 20.132 -7.204 0.859 -0.328
1681977399.829 20.060 -7.132 0.357 -0.187
1681977400.029 20.011 -7.078 0.367 -0.197
1681977400.229 19.963 -7.020 0.357 -0.187
1681977400.429 19.874 -6.906 0.977 -0.090
1681977400.629 19.757 -6.751 0.967 -0.080
1681977400.829 19.643 -6.596 0.957 -0.070
1681977401.029 19.537 -6.447 0.885 0.020
1681977401.229 19.444 -6.318 0.885 0.030
1681977401.429 19.347 -6.184 0.858 0.062
1681977401.629 19.228 -6.025 0.868 0.052
1681977401.829 19.128 -5.895 0.858 0.042
1681977402.029 18.985 -5.715 1.345 0.366
1681977402.229 18.794 -5.507 1.345 0.376
1681977402.429 18.673 -5.389 1.245 0.017
1681977402.629 18.401 -5.131 1.255 0.007
1681977402.829 18.208 -4.948 1.265 -0.003
1681977403.029 18.113 -4.858 1.165 -0.057
1681977403.229 17.920 -4.671 1.175 -0.067
1681977403.429 17.761 -4.513 1.075 -0.096
1681977403.629 17.613 -4.359 1.065 -0.086
1681977403.829 17.467 -4.203 1.065 -0.076
1681977404.029 17.325 -4.047 0.965 -0.027
1681977404.229 17.241 -3.953 0.965 -0.017
1681977404.429 17.061 -3.752 0.894 0.012
1681977404.629 16.955 -3.633 0.884 0.022
1681977404.829 16.836 -3.502 0.884 0.012
1681977405.029 16.704 -3.359 1.367 0.376
1681977405.229 16.548 -3.207 1.357 0.386
1681977405.429 16.345 -3.034 1.277 0.002
1681977405.629 16.029 -2.778 1.267 -0.008
1681977405.829 15.921 -2.690 1.267 -0.018
1681977406.029 15.783 -2.577 0.280 -0.125
1681977406.229 15.732 -2.533 0.290 -0.135
1681977406.429 15.680 -2.484 0.338 -0.190
1681977406.629 15.633 -2.438 0.348 -0.181
1681977406.829 15.543 -2.343 0.916 -0.081
1681977407.029 15.407 -2.193 0.926 -0.071
1681977407.229 15.291 -2.062 0.916 -0.061
1681977407.429 15.213 -1.973 0.897 0.021
1681977407.629 15.054 -1.792 0.887 0.031
1681977407.829 14.937 -1.661 0.877 0.041
1681977408.029 14.820 -1.531 0.755 0.031
1681977408.229 14.729 -1.431 0.755 0.021
1681977408.429 14.581 -1.265 1.414 -0.381
1681977408.629 14.466 -1.122 1.404 -0.391
1681977408.829 14.304 -0.892 1.414 -0.401
1681977409.029 14.202 -0.723 0.000 0.098
1681977409.229 14.202 -0.723 0.000 0.098
1681977409.429 14.171 -0.674 0.476 0.237
1681977409.629 14.118 -0.597 0.466 0.227
1681977409.829 14.062 -0.524 0.424 0.194
1681977410.029 14.017 -0.469 0.414 0.184
1681977410.229 13.963 -0.408 0.404 0.174
1681977410.429 13.859 -0.298 0.922 0.077
1681977410.629 13.731 -0.167 0.912 0.067
1681977410.829 13.582 -0.019 0.912 0.057
1681977411.029 13.408 0.146 1.387 0.315
1681977411.229 13.186 0.332 1.377 0.325
1681977411.429 12.998 0.475 1.287 -0.050
1681977411.630 12.794 0.632 1.287 -0.060
1681977411.829 12.683 0.719 1.287 -0.070
1681977412.029 12.493 0.872 0.319 -0.186
1681977412.229 12.443 0.916 0.309 -0.196
1681977412.429 12.314 1.041 1.057 -0.148
1681977412.629 12.181 1.175 1.047 -0.138
1681977412.829 12.037 1.329 1.057 -0.128
1681977413.029 11.924 1.455 0.950 -0.054
1681977413.229 11.798 1.598 0.960 -0.044
1681977413.429 11.678 1.738 0.881 0.060
1681977413.629 11.561 1.869 0.878 0.070
1681977413.829 11.443 1.999 0.878 0.080
1681977414.029 11.338 2.112 0.667 0.129
1681977414.229 11.245 2.206 0.657 0.139
1681977414.429 11.158 2.290 0.500 0.099
1681977414.630 11.080 2.362 0.510 0.089
1681977414.829 11.028 2.408 0.398 0.090
1681977415.029 10.966 2.462 0.388 0.080
1681977415.229 10.918 2.502 0.398 0.090
1681977415.429 10.832 2.570 0.288 0.375
1681977415.630 10.802 2.590 0.278 0.385
1681977415.829 10.778 2.605 0.000 0.098
1681977416.029 10.778 2.605 0.000 0.098
1681977416.229 10.778 2.605 0.000 0.098
1681977416.429 10.754 2.616 0.260 0.395
1681977416.629 10.714 2.633 0.250 0.385
1681977416.829 10.686 2.643 0.000 0.098
1681977417.029 10.686 2.643 0.000 0.098
1681977417.229 10.686 2.643 0.000 0.098
1681977417.429 10.653 2.650 0.226 0.395
1681977417.629 10.607 2.658 0.236 0.385
1681977417.829 10.556 2.662 0.263 0.414
1681977418.029 10.510 2.662 0.253 0.404
1681977418.229 10.460 2.658 0.263 0.414
1681977418.429 10.333 2.637 0.835 0.404
1681977418.629 10.202 2.606 0.845 0.394
1681977418.829 10.024 2.550 0.855 0.384
1681977419.029 9.904 2.502 0.471 0.369
1681977419.229 9.819 2.460 0.481 0.379
1681977419.429 9.660 2.363 1.099 0.368
1681977419.629 9.497 2.249 1.109 0.358
1681977419.829 9.332 2.116 1.119 0.348
1681977420.029 9.197 1.991 0.599 0.250
1681977420.229 9.114 1.906 0.589 0.260
1681977420.429 9.051 1.834 0.347 0.179
1681977420.629 9.017 1.792 0.337 0.189
1681977420.829 8.975 1.736 0.327 0.199
1681977421.029 8.892 1.616 0.685 0.062
1681977421.229 8.854 1.560 0.675 0.052
1681977421.429 8.761 1.418 1.168 0.375
1681977421.629 8.609 1.144 1.158 0.385
1681977421.829 8.514 0.931 1.168 0.395
1681977422.029 8.468 0.808 0.509 -0.084
1681977422.229 8.428 0.705 0.499 -0.094
1681977422.429 8.389 0.614 0.690 -0.381
1681977422.629 8.308 0.456 0.680 -0.391
1681977422.829 8.261 0.380 0.690 -0.401
1681977423.029 8.141 0.213 1.293 -0.391
1681977423.229 7.912 -0.052 1.303 -0.381
1681977423.429 7.832 -0.133 0.939 -0.341
1681977423.629 7.693 -0.258 0.929 -0.351
1681977423.829 7.495 -0.409 0.919 -0.361
1681977424.029 7.397 -0.473 0.504 -0.259
1681977424.229 7.311 -0.523 0.497 -0.269
1681977424.429 7.173 -0.593 0.834 -0.109
1681977424.629 7.091 -0.633 0.824 -0.099
1681977424.829 6.927 -0.711 0.834 -0.089
1681977425.029 6.705 -0.813 1.313 0.355
1681977425.229 6.473 -0.937 1.313 0.365
1681977425.429 6.280 -1.056 1.213 -0.002
1681977425.629 6.094 -1.173 1.223 -0.012
1681977425.829 5.897 -1.296 1.233 -0.022
1681977426.029 5.611 -1.473 1.033 -0.068
1681977426.229 5.432 -1.579 1.043 -0.078
1681977426.429 5.372 -1.614 0.341 0.050
1681977426.629 5.317 -1.647 0.342 0.060
1681977426.829 5.264 -1.679 0.332 0.070
1681977427.029 5.139 -1.757 0.702 -0.019
1681977427.229 5.015 -1.834 0.692 -0.029
1681977427.429 4.818 -1.956 1.639 0.021
1681977427.629 4.581 -2.103 1.649 0.031
1681977427.829 4.357 -2.244 1.659 0.041
1681977428.029 4.075 -2.425 1.081 0.208
1681977428.229 3.844 -2.588 1.090 0.218
1681977428.429 3.732 -2.674 0.540 0.150
1681977428.629 3.650 -2.742 0.530 0.160
1681977428.829 3.572 -2.811 0.520 0.158
1681977429.031 3.387 -2.983 1.580 -0.017
1681977429.229 3.155 -3.196 1.570 -0.027
1681977429.429 2.913 -3.417 1.560 -0.037
1681977429.629 2.781 -3.534 0.814 -0.157
1681977429.829 2.676 -3.623 0.804 -0.167
1681977430.029 2.542 -3.729 0.754 -0.229
1681977430.229 2.420 -3.816 0.744 -0.239
1681977430.429 2.195 -3.956 1.416 -0.433
1681977430.629 1.970 -4.073 1.406 -0.423
1681977430.829 1.725 -4.176 1.396 -0.413
1681977431.029 1.358 -4.293 1.855 -0.403
1681977431.229 0.977 -4.381 1.865 -0.393
1681977431.429 0.625 -4.432 1.875 -0.383
1681977431.629 0.290 -4.459 2.233 -0.373
1681977431.829 -0.180 -4.464 2.243 -0.363
1681977432.029 -0.533 -4.444 2.527 -0.373
1681977432.229 -1.085 -4.375 2.537 -0.383
1681977432.429 -1.581 -4.273 2.527 -0.393
1681977432.629 -2.085 -4.126 2.772 -0.383
1681977432.829 -2.605 -3.931 2.782 -0.373
1681977433.029 -3.204 -3.649 2.988 -0.363
1681977433.229 -3.723 -3.354 2.978 -0.353
1681977433.429 -4.120 -3.093 2.968 -0.343
1681977433.629 -4.791 -2.575 3.081 -0.353
1681977433.829 -5.223 -2.181 3.071 -0.351
1681977434.029 -5.471 -1.928 2.442 -0.361
1681977434.229 -5.777 -1.578 2.452 -0.371
1681977434.429 -6.060 -1.202 2.134 -0.373
1681977434.629 -6.301 -0.825 2.124 -0.383
1681977434.829 -6.520 -0.411 2.134 -0.393
1681977435.029 -6.664 -0.082 1.387 -0.280
1681977435.229 -6.758 0.178 1.377 -0.290
1681977435.429 -6.817 0.370 0.549 -0.158
1681977435.629 -6.848 0.491 0.539 -0.168
1681977435.829 -6.857 0.528 0.000 0.098
1681977436.029 -6.857 0.528 0.000 0.098
1681977436.229 -6.857 0.528 0.000 0.098
1681977436.429 -6.891 0.648 0.961 -0.069
1681977436.629 -6.936 0.814 0.951 -0.079
1681977436.829 -6.963 0.919 0.229 -0.128
1681977437.029 -6.975 0.970 0.232 -0.138
1681977437.229 -6.983 1.012 0.222 -0.137
1681977437.429 -7.015 1.205 1.183 -0.101
1681977437.629 -7.035 1.333 1.173 -0.091
1681977437.829 -7.080 1.660 1.186 0.011
1681977438.029 -7.107 1.861 1.196 0.021
1681977438.229 -7.148 2.147 1.206 0.031
1681977438.429 -7.162 2.243 0.262 0.120
1681977438.629 -7.170 2.288 0.254 0.130
1681977438.829 -7.192 2.399 0.839 0.089
1681977439.029 -7.233 2.589 0.849 0.079
1681977439.229 -7.270 2.744 0.839 0.069
1681977439.429 -7.331 2.976 1.293 0.345
1681977439.629 -7.414 3.222 1.303 0.355
1681977439.829 -7.453 3.320 0.675 0.297
1681977440.029 -7.536 3.499 0.685 0.307
1681977440.229 -7.604 3.619 0.695 0.317
1681977440.429 -7.655 3.699 0.353 0.184
1681977440.629 -7.694 3.756 0.343 0.194
1681977440.829 -7.755 3.836 0.850 0.100
1681977441.029 -7.870 3.985 0.860 0.090
1681977441.229 -7.962 4.098 0.850 0.080
1681977441.429 -8.077 4.236 0.779 0.031
1681977441.629 -8.182 4.360 0.769 0.021
1681977441.829 -8.340 4.539 1.308 0.345
1681977442.029 -8.507 4.707 1.318 0.355
1681977442.229 -8.716 4.890 1.328 0.365
1681977442.429 -8.825 4.976 0.270 -0.089
1681977442.629 -8.859 5.002 0.260 -0.099
1681977442.829 -8.898 5.034 0.387 -0.175
1681977443.029 -8.970 5.097 0.377 -0.165
1681977443.229 -9.037 5.161 0.367 -0.155
1681977443.429 -9.155 5.280 0.992 -0.086
1681977443.629 -9.257 5.386 0.982 -0.076
1681977443.829 -9.401 5.540 1.025 -0.027
1681977444.029 -9.513 5.661 1.035 -0.017
1681977444.229 -9.660 5.821 1.025 -0.007
1681977444.429 -9.816 5.991 0.980 0.026
1681977444.629 -9.955 6.141 0.970 0.016
1681977444.829 -10.065 6.259 0.931 0.006
1681977445.029 -10.212 6.416 0.941 -0.004
1681977445.229 -10.365 6.581 0.931 -0.014
1681977445.429 -10.472 6.696 0.928 -0.004
1681977445.629 -10.529 6.758 0.938 0.006
1681977445.829 -10.747 6.993 0.947 0.012
1681977446.029 -10.849 7.103 0.937 0.002
1681977446.229 -10.982 7.245 0.927 -0.008
1681977446.429 -11.127 7.398 1.452 0.355
1681977446.629 -11.349 7.605 1.442 0.365
1681977446.829 -11.469 7.704 0.288 -0.080
1681977447.029 -11.513 7.740 0.278 -0.090
1681977447.229 -11.554 7.776 0.268 -0.100
1681977447.429 -11.698 7.907 1.269 -0.087
1681977447.629 -11.848 8.045 1.279 -0.077
1681977447.829 -12.013 8.203 1.254 0.051
1681977448.029 -12.259 8.434 1.244 0.061
1681977448.229 -12.397 8.560 1.254 0.071
1681977448.429 -12.527 8.676 0.402 0.199
1681977448.629 -12.582 8.722 0.392 0.209
1681977448.829 -12.641 8.766 0.284 0.181
1681977449.029 -12.687 8.799 0.274 0.171
1681977449.229 -12.734 8.830 0.264 0.161
1681977449.429 -12.804 8.872 0.876 0.059
1681977449.629 -13.014 8.996 0.866 0.049
1681977449.829 -13.231 9.115 1.398 0.385
1681977450.029 -13.422 9.205 1.408 0.395
1681977450.229 -13.683 9.307 1.398 0.385
1681977450.429 -13.895 9.372 0.563 0.232
1681977450.629 -14.003 9.398 0.553 0.242
1681977450.829 -14.130 9.424 1.070 0.109
1681977451.029 -14.341 9.461 1.072 0.099
1681977451.229 -14.552 9.494 1.062 0.089
1681977451.429 -14.788 9.526 1.005 0.051
1681977451.629 -14.989 9.551 1.015 0.041
1681977451.829 -15.155 9.570 0.958 -0.008
1681977452.029 -15.373 9.596 0.948 -0.018
1681977452.229 -15.588 9.622 0.938 -0.028
1681977452.429 -15.776 9.646 0.889 0.021
1681977452.629 -15.918 9.663 0.899 0.031
1681977452.829 -16.096 9.684 0.887 0.081
1681977453.029 -16.289 9.703 0.877 0.091
1681977453.229 -16.428 9.714 0.867 0.101
1681977453.429 -16.647 9.726 1.374 0.385
1681977453.629 -16.961 9.721 1.364 0.395
1681977453.829 -17.057 9.714 0.000 0.098
1681977454.029 -17.057 9.714 0.000 0.098
1681977454.229 -17.057 9.714 0.000 0.098
1681977454.429 -17.086 9.710 0.251 -0.086
1681977454.629 -17.116 9.706 0.241 -0.096
1681977454.829 -17.194 9.697 0.400 -0.145
1681977455.029 -17.284 9.689 0.390 -0.155
1681977455.229 -17.361 9.685 0.380 -0.145
1681977455.429 -17.407 9.684 0.221 -0.083
1681977455.629 -17.457 9.683 0.231 -0.093
1681977455.829 -17.552 9.684 1.067 -0.045
1681977456.029 -17.766 9.688 1.077 -0.035
1681977456.229 -18.036 9.695 1.084 -0.025
1681977456.429 -18.258 9.702 1.124 0.024
1681977456.629 -18.472 9.707 1.134 0.034
1681977456.829 -18.729 9.712 1.102 0.024
1681977457.029 -18.904 9.715 1.092 0.014
1681977457.229 -19.078 9.717 1.082 0.004
1681977457.429 -19.291 9.719 1.019 -0.006
1681977457.629 -19.494 9.722 1.009 -0.016
1681977457.829 -19.750 9.725 1.047 -0.006
1681977458.029 -19.961 9.729 1.057 0.004
1681977458.229 -20.131 9.731 1.067 0.014
1681977458.429 -20.420 9.735 1.005 0.004
1681977458.629 -20.590 9.737 0.995 -0.006
1681977458.829 -20.701 9.738 1.045 0.004
1681977459.029 -21.015 9.742 1.055 0.014
1681977459.229 -21.194 9.744 1.045 0.004
1681977459.429 -21.506 9.751 1.602 -0.398
1681977459.629 -21.808 9.780 1.592 -0.408
1681977459.829 -22.153 9.842 2.031 -0.398
1681977460.029 -22.528 9.937 2.041 -0.388
1681977460.229 -22.973 10.090 2.051 -0.378
1681977460.429 -23.087 10.136 0.000 0.000
1681977460.629 -23.087 10.136 0.000 0.000
1681977460.829 -23.087 10.136 0.000 0.000
1681977461.029 -23.087 10.136 0.000 0.000
1681977461.229 -23.087 10.136 0.000 0.000
1681977461.429 -23.087 10.136 0.000 0.000
1681977461.629 -23.087 10.136 0.000 0.000
1681977461.829 -23.087 10.136 0.000 0.000
1681977462.029 -23.087 10.136 0.000 0.000
1681977462.229 -23.087 10.136 0.000 0.000
1681977462.429 -23.087 10.136 0.000 0.000
1681977462.629 -23.087 10.136 0.000 0.000
1681977462.829 -23.087 10.136 0.000 0.000
1681977463.029 -23.087 10.136 0.000 0.000
1681977463.229 -23.087 10.136 0.000 0.000
1681977463.429 -23.087 10.136 0.000 0.000
1681977463.629 -23.087 10.136 0.000 0.000
1681977463.829 -23.087 10.136 0.000 0.000
1681977464.029 -23.087 10.136 0.000 0.000
1681977464.229 -23.087 10.136 0.000 0.000
1681977464.429 -23.087 10.136 0.000 0.000
1681977464.629 -23.087 10.136 0.000 0.000
1681977464.829 -23.087 10.136 0.000 0.000
1681977465.029 -23.087 10.136 0.000 0.000
1681977465.229 -23.087 10.136 0.000 0.000
1681977465.429 -23.087 10.136 0.000 0.000
1681977465.629 -23.087 10.136 0.000 0.000
1681977465.829 -23.087 10.136 0.000 0.000
1681977466.029 -23.087 10.136 0.000 0.000
1681977466.229 -23.087 10.136 0.000 0.000
1681977466.429 -23.087 10.136 0.000 0.000
1681977466.629 -23.087 10.136 0.000 0.000
1681977466.829 -23.087 10.136 0.000 0.000
1681977467.029 -23.087 10.136 0.000 0.000
1681977467.229 -23.087 10.136 0.000 0.000
1681977467.429 -23.087 10.136 0.000 0.000
1681977467.629 -23.087 10.136 0.000 0.000
1681977467.829 -23.087 10.136 0.000 0.000
1681977468.029 -23.087 10.136 0.000 0.000
1681977468.229 -23.087 10.136 0.000 0.000
1681977468.429 -23.087 10.136 0.000 0.000
1681977468.629 -23.087 10.136 0.000 0.000
1681977468.829 -23.087 10.136 0.000 0.000
1681977469.029 -23.087 10.136 0.000 0.000
1681977469.229 -23.087 10.136 0.000 0.000
1681977469.429 -23.087 10.136 0.000 0.000
1681977469.629 -23.087 10.136 0.000 0.000
1681977469.829 -23.087 10.136 0.000 0.000
1681977470.029 -23.087 10.136 0.000 0.000
1681977470.229 -23.087 10.136 0.000 0.000
1681977470.429 -23.087 10.136 0.000 0.000
1681977470.629 -23.087 10.136 0.000 0.000
1681977470.829 -23.087 10.136 0.000 0.000
1681977471.029 -23.087 10.136 0.000 0.000
1681977471.229 -23.087 10.136 0.000 0.000
1681977471.429 -23.087 10.136 0.000 0.000
1681977471.629 -23.087 10.136 0.000 0.000
1681977471.829 -23.087 10.136 0.000 0.000
1681977472.029 -23.087 10.136 0.000 0.000
1681977472.229 -23.087 10.136 0.000 0.000
1681977472.429 -23.087 10.136 0.000 0.000
1681977472.629 -23.087 10.136 0.000 0.000
1681977472.830 -23.087 10.136 0.000 0.000
1681977473.029 -23.087 10.136 0.000 0.000
1681977473.229 -23.087 10.136 0.000 0.000
1681977473.429 -23.087 10.136 0.000 0.000
1681977473.629 -23.087 10.136 0.000 0.000
1681977473.829 -23.087 10.136 0.000 0.000
1681977474.029 -23.087 10.136 0.000 0.000
1681977474.229 -23.087 10.136 0.000 0.000
1681977474.429 -23.087 10.136 0.000 0.000
1681977474.629 -23.087 10.136 0.000 0.000
1681977474.829 -23.087 10.136 0.000 0.000
1681977475.029 -23.087 10.136 0.000 0.000
1681977475.229 -23.087 10.136 0.000 0.000
1681977475.429 -23.087 10.136 0.000 0.000
1681977475.629 -23.087 10.136 0.000 0.000
1681977475.829 -23.087 10.136 0.000 0.000
1681977476.029 -23.087 10.136 0.000 0.000
1681977476.229 -23.087 10.136 0.000 0.000
1681977476.429 -23.087 10.136 0.000 0.000
1681977476.629 -23.087 10.136 0.000 0.000
1681977476.829 -23.087 10.136 0.000 0.000
1681977477.029 -23.087 10.136 0.000 0.000
1681977477.229 -23.087 10.136 0.000 0.000
1681977477.429 -23.087 10.136 0.000 0.000
1681977477.629 -23.087 10.136 0.000 0.000
1681977477.829 -23.087 10.136 0.000 0.000
1681977478.029 -23.087 10.136 0.000 0.000
1681977478.229 -23.087 10.136 0.000 0.000
1681977478.429 -23.087 10.136 0.000 0.000
1681977478.629 -23.087 10.136 0.000 0.000
1681977478.829 -23.087 10.136 0.000 0.000
1681977479.029 -23.087 10.136 0.000 0.000
1681977479.229 -23.087 10.136 0.000 0.000
1681977479.429 -23.087 10.136 0.000 0.000
1681977479.629 -23.087 10.136 0.000 0.000
1681977479.829 -23.087 10.136 0.000 0.000
1681977480.029 -23.087 10.136 0.000 0.000
1681977480.229 -23.087 10.136 0.000 0.000
1681977480.429 -23.087 10.136 0.000 0.000
1681977480.629 -23.087 10.136 0.000 0.000
1681977480.829 -23.087 10.136 0.000 0.000
1681977481.029 -23.087 10.136 0.000 0.000
1681977481.229 -23.087 10.136 0.000 0.000
1681977481.429 -23.087 10.136 0.000 0.000
1681977481.629 -23.087 10.136 0.000 0.000
1681977481.829 -23.087 10.136 0.000 0.000
1681977482.029 -23.087 10.136 0.000 0.000
1681977482.229 -23.087 10.136 0.000 0.000
1681977482.429 -23.087 10.136 0.000 0.000
1681977482.629 -23.087 10.136 0.000 0.000
1681977482.829 -23.087 10.136 0.000 0.000
1681977483.029 -23.087 10.136 0.000 0.000
1681977483.229 -23.087 10.136 0.000 0.000
1681977483.429 -23.087 10.136 0.000 0.000
1681977483.629 -23.087 10.136 0.000 0.000
1681977483.829 -23.087 10.136 0.000 0.000
1681977484.029 -23.087 10.136 0.000 0.000
1681977484.229 -23.087 10.136 0.000 0.000
1681977484.429 -23.087 10.136 0.000 0.000
1681977484.629 -23.087 10.136 0.000 0.000
